0.6215005950426828
0.2883368264343702
0.34134847002894
0.7480401554156246
0.47316820232102863
0.0759393969467721
0.8396684809812942
0.3944264210240602
0.4061573548025772
0.5167766247390408
0.027122485108709515
0.8415356082053278
0.6454611367717535
0.6706662000559542
0.3824470561889719
0.014929507645815798
0.38292634498270894
0.32563390700956774
0.6012689660839465
0.8722010953216168
0.4502562535481931
0.26107536948790866
0.5990134071594342
0.24562274172132437
0.33486365620067216
0.6467729577750705
0.7130277485774938
0.9265556326875191
0.7516830693132563
0.0646472265077318
0.1258733202042126
0.043917922091507355
0.1576700226178933
0.3302078805494739
0.44517350808617473
0.2569656841059682
0.8429093248971289
0.35076246401102407
0.5998528113355335
0.6524304632360687
0.6973035987616112
0.5803076629687369
0.43613628003326466
0.9889384536122923
0.257242301172214
0.1714682090473254
0.20259754074991432
0.45555000596295736
0.574535230333115
0.9010059838810105
0.25173380496098563
0.32308315691663103
0.02099527027855319
0.050571722487905646
0.8410177076609524
0.7611227153797047
0.5448759342123728
0.822923136437103
0.5659260494708267
0.6101794086844599
0.6007346609213278
0.7437230030075968
0.3456470369444513
0.9063927000713259
0.44969881979437676
0.3236733162955925
0.13117945210227266
0.8604247193075722
0.6457349474634184
0.9341390832153735
0.4847667470837036
0.18476316168195495
0.20989148641516286
0.7528751912972313
0.08686445804023912
0.9172597212331175
0.4812650121046358
0.06527108015226157
0.19870106567318735
0.5628451940083885
0.5670165065369228
0.30163696968785647
0.4032312310986126
0.30928091946248215
0.16764354845058183
0.3871259721294831
0.9169039294539776
0.8267863216033722
0.3870258750508808
0.215253893123853
0.9810186248121433
0.6261928586475467
0.79975957788522
0.45256794949898094
0.6093143395158687
0.3292064351877799
0.582872671332739
0.5709859520970464
0.46958619317917716
0.6766567561498658
0.39483543490525874
0.7282255228021128
0.9568457806247199
0.6731259686911812
0.13001769497868376
0.8808248547808788
0.035250757448434866
0.568024572483349
0.5185834302930152
0.7214462371108921
0.09610750010289748
0.08912524160867297
0.650069672673633
0.3613067775820551
0.32833310128206095
0.882016171572001
0.24540108958295015
0.12253412617314119
0.43975094758101063
0.3742392286730103
0.5638001854686223
0.28907567523796707
0.9845450103141573
0.10149880495817687
0.6063588255980297
0.17588170607510079
0.05911108530834319
0.30140679285908245
0.6847477902795545
0.2854505754621257
0.5192333919492398
0.6750485157548323
0.49632899052266
0.1175175671621107
0.04528849316373429
0.3728396049696634
0.5888629864602963
0.6269348159903174
0.29307871953343234
0.2843272256143816
0.7029498444064413
0.233339041706643
0.7106013585019091
0.595536123089309
0.30325166892184874
0.274438330709168
0.012479070955351279
0.6224831166535709
0.4031767823544232
0.21140692310863995
0.709335195247158
0.4865176673121443
0.24084877441544905
0.9905018493110442
0.7770160468410461
0.6185054356124318
0.4656877739101146
0.37069090805905214
0.35350578449566084
0.7883946659548704
0.5770142078911007
0.8093720177714916
0.09014240447056765
0.09086690069661207
0.21949842217432058
0.33462148665392033
0.23645881612977582
0.18207505705706417
0.7562000544325154
0.3556232098494827
0.8762831067580761
0.8089027946299785
0.9793382687306016
0.732312745810153
0.3915037093475333
0.4611171080230585
0.21799887995550415
0.914428671739846
0.9688965258261355
0.5860903878136208
0.6443532458360859
0.6171973557191888
0.16809917333808988
0.5099994202739822
0.24330587303621698
0.0686114641553277
0.9724644232386779
0.3044982722786158
0.06460483630029912
0.45536877676439436
0.8705669319164604
0.7023123621558938
0.8799715014076637
0.8517060460099346
0.4843218627797701
0.49508081343107024
0.5952124135197658
0.618665393679998
0.4705929152110573
0.39443367853883227
0.4264710478826661
0.56418390280112
0.878182901803551
0.011135750637901731
0.6673786979235337
0.35021125602312764
0.5579496015190282
0.5593092853018091
0.7470507318023174
0.018170023668982793
0.4994290788940057
0.43519712429672386
0.41357522892139587
0.9739196299848094
0.42995107110589403
0.43869172365132014
0.43329017641970236
0.9445993823234156
0.43306922254948765
0.7840432337172631
0.18239051516121196
0.05786393994358274
0.617922990730545
0.9807390477251812
0.9388739566706772
0.06731380263365105
0.9515224783535496
0.4397092546518617
0.40316485064202334
0.08822965677828964
0.5592274659034677
0.9252776454105593
0.5438294302715505
0.2532652799042454
0.8939460735789035
0.43806813105983267
0.7471579516885196
0.15784584313308625
0.2771976971326753
0.2771332452193418
0.7828608492523617
0.7364776367652357
0.3102542439241194
0.8930107464425265
0.8173785781535046
0.15112830096700303
0.9800044360709492
0.20872055424673852
0.6533555280421894
0.4732043645623911
0.8062273338530306
0.07765050449186472
0.11099299878408542
0.5542486321243418
0.4714354170255439
0.11433862524053295
0.48616807619191715
0.5852183980729124
0.13968155272416127
0.22420675282628322
0.7875832110743661
0.881747253822772
0.4304949371467268
0.16346402761401335
0.2379189110439397
0.30353323766911156
0.2648133275050426
0.9053354159597984
0.8537636392844905
0.11701549618905416
0.5517762052580621
0.18699344965543085
0.8214757967863611
0.0969400281383106
0.014106486460476741
0.16446902665459784
0.9227276768964052
0.6326120383454994
0.8723556485923087
0.9676966113523207
0.15276516226696213
0.9637421546918794
0.8550976567413973
0.6992270496284438
0.14174405377394383
0.9578745823797787
0.5999517780292811
0.30107285161305963
0.16078293215121753
0.8018836572046053
0.8074134787675218
0.2153818853437075
0.8047627469449066
0.5385445882454309
0.34498561897312263
0.12090501910504914
0.6822312958644057
0.4305263601194578
0.767391445529769
0.55607439769583
0.016695059106765386
0.6029869393712202
0.08287841601975643
0.9807340449114748
0.7304498352319972
0.16458266033002844
0.7184350673192079
0.4275387454438948
0.5126065433181728
0.10826491843599029
0.05620987291075741
0.42405420232194646
0.10767239029029163
0.4343223684432027
0.10675852741967407
0.09557812476977312
0.010043145014560384
0.14624527077404403
0.020599500575299245
0.11708620088593835
0.5557672523019355
0.3469636194553094
0.4159431145218131
0.4042177599975292
0.0420646703663099
0.27774645883666094
0.39850308553069835
0.3038039714303997
0.8046867727492972
0.07461220916663147
0.4318444358269671
0.11231701137946226
0.9720950771999637
0.9099834025531235
0.33068064066334313
0.5475808607840007
0.7610905293250221
0.686594471910374
0.03797655024858382
0.7223653935667473
0.3089599601289843
0.1550953166136504
0.837485759880902
0.9764896669264975
0.896222328273389
0.5702351990312942
0.1839238831337604
0.5712546318876301
0.849714922105083
0.192130503513962
0.6265592914130091
0.33109554906630034
0.9403628130084578
0.9090371489579148
0.26076058801128066
0.03807313916490962
0.23378949642864666
0.4165569957220481
0.12963598237024643
0.31713260460508974
0.3693239905632353
0.7509509099723473
0.8754963272124052
0.4700521641854172
0.19952972763346977
0.3324222706009041
0.7660040418070737
0.5165100196522863
0.28118861087032565
0.3079969347917937
0.796635718469219
0.8031463961596093
0.10389388955735623
0.3609520846020631
0.1280695675934036
0.9913316375635084
0.1375763407970576
0.08764896195427307
0.1201660835853644
0.7766753204180645
0.3029679756585242
0.6969012288375713
0.25102707726979623
0.3358692712221174
0.816251779437855
0.8637605334481209
0.49872510986276986
0.12430629012263106
0.7066086328605226
0.6138918651824172
0.8887529123041031
0.8701018840430081
0.5507769220350347
0.8346183932897884
0.18340199796779255
0.8857683062581745
0.34240956399771805
0.41784428042248645
0.09464825941029487
0.27383246497779345
0.754551246313597
0.10724015360747607
0.22063182394308645
0.6136167934649281
0.1219948205797532
0.4479112553035447
0.3436605010271463
0.9527755783517939
0.054431994438635334
0.8325461350170376
0.919834161040535
0.14847816170603112
0.31229740499513436
0.6539913185913395
0.4440135477123859
0.47489687023990634
0.24927880983284467
0.24034040969259896
0.016619923567274153
0.9492184870034743
0.10912989700110476
0.37699264733777094
0.12656990953047265
0.39130296035770273
0.5999688943213746
0.77225055919855
0.8050481761787636
0.12040830657955293
0.39208742445595135
0.8550385983820756
0.4195685190289915
0.5459169420836805
0.1519963472395185
0.14805943184071024
0.37333158990926774
0.9321718909040844
0.3632756386932734
0.6062442257243361
0.36750621807359685
0.8012579717786674
0.8388524380072517
0.04972005966248583
0.4481643032048974
0.7426348627159305
0.6736655686155075
0.6514097101367695
0.05274153091872913
0.1159553187569291
0.22661804744141834
0.7158023324167091
0.9463136789794075
0.2809610378799059
0.8123386475958425
0.6041927424746014
0.09155455332297069
0.023190084939310962
0.4706855317945584
0.7114071601825493
0.1943718193254087
0.030189335532899486
0.8635560178267814
0.9719449442226558
0.8771974767213546
0.5312629417780168
0.5324442241666034
0.22525325133148444
0.23331791645353195
0.9952124342502742
0.3425806252339163
0.260006895279699
0.18882359816443417
0.5771711920828382
0.1994013267620094
0.9991926397229647
0.9337766337184483
0.09641659652357282
0.9600013505694527
0.7075597459019047
0.9145370325991118
0.02603403925558423
0.5204265609207355
0.4060730805588282
0.5845856030534586
0.707147750692191
0.7314167747371496
0.9245842558012305
0.900616251400254
0.935741412315098
0.5970469200299475
0.9998676221071494
0.43499136364864577
0.8096702545482226
0.34317922209416074
0.32962963590179983
0.4990910871354348
0.7836748227565054
0.33512519419331976
0.4789546615368283
0.26663737514952435
0.43794969411825213
0.3069110488550175
0.6835689025219842
0.6216915246490884
0.25351243524229927
0.7903431754432244
0.5031170893813885
0.36760807992700584
0.18021141782425776
0.8747282847030853
0.21059319570022605
0.42479414060725285
0.5340080046493338
0.4807922509495475
0.0819939083181358
0.24690989445290956
0.9985203539688667
0.08542190001059269
0.02272450158491046
0.04946328543673162
0.8511749285361885
0.650442296544852
0.032021935722370554
0.9782566227343492
0.2203356969294159
0.05856869228381112
0.7761977837313809
0.5331156552722327
0.6225638173906525
0.6301993980571856
0.7281900068598968
0.37370696877287446
0.456556983818603
0.3958024150214394
0.955125557812996
0.6193748784121993
0.5513508204187987
0.7335054466621176
0.9315376098301473
0.5007214348612596
0.32963219015170875
0.7031832189790859
0.7056658662766182
0.0197653796822983
0.9353235209579849
0.8245679407420123
0.9561236838983784
0.8533229816842705
0.9668489513945011
0.840570566650978
0.2724609847297821
0.269632797646977
0.6205235263842479
0.7756557601042813
0.16177421115916912
0.37451525782515405
0.3992611247812401
0.34741358512432496
0.2774303526390538
0.4271305141407369
0.2059072400070583
0.4325790662907585
0.9666069361709764
0.2641856495464079
0.6155271722260292
0.9404489020593481
0.4185400039263283
0.44426714366820197
0.5955883874093753
0.4748573975288308
0.17694053642426377
0.4909531071107873
0.1227070463600144
0.9129975491607973
0.2792940967122328
0.4222188903135766
0.6296015429631747
0.04577518595631358
0.5985954583173809
0.872150338165899
0.4868045127507845
0.22208077972776263
0.7961153460408101
0.3586101126163097
0.1292448868436027
0.9864736228816635
0.4775244778154346
0.7100471497749892
0.7337185685431682
0.81318627215957
0.22835711462114872
0.5220587775051291
0.9421749482317463
0.1998298502293403
0.14448152803868797
0.5775570292289391
0.5154633768020822
0.7119471609722445
0.5001285922466303
0.44430736077718547
0.6187658830627212
0.4340681437282725
0.6954244689537317
0.4100526226122432
0.06802902164843583
0.4488922410997285
0.8245646583788557
0.8822942078739489
0.2991850964606204
0.3166592104128738
0.01691294919068209
0.02539817419289947
0.9380508600444137
0.10067688644978956
0.5839301928024994
0.15617915022194517
0.8287402869593887
0.006478541756021805
0.9075128127922878
0.43795592799100125
0.7079030487044318
0.4275585004667768
0.938028354400724
0.26804218896903453
0.8612421046833523
0.5515104633735961
0.5134224678515253
0.7483992212646478
0.5637520163629957
0.5999096288990171
0.38089649764113265
0.03282093278412135
0.5182381781340275
0.19092413605098812
0.3812624019648547
0.20164398983768228
0.7397721928519283
0.0431931642555643
0.37899826067107
0.4271699224255321
0.6823977990654613
0.8977919131754148
0.43988783807381204
0.7373410656798955
0.689928470531185
0.4760355304464685
0.6056610729113887
0.8728459168401732
0.21732931763932717
0.35044332658960964
0.6463497632127615
0.5191844069207738
0.10142674688793796
0.8554021454869094
0.04039666492410876
0.5921076867834625
0.03023238223648339
0.8460474353046921
0.9516769855011542
0.3761561268408682
0.8051809509247618
0.0036258318111381804
0.5080703854860651
0.7660189005053444
0.9005550893558789
0.6827399192171528
0.3625508642631592
0.48135906883187274
0.424321448099791
0.5918949246923497
0.7365812397162206
0.7824067936110304
0.42294574930075957
0.7440128449708385
0.3786317943011448
0.6097027373265753
0.6502432052753948
0.00858822107312096
0.4403385915772253
0.3867794356975951
0.7288074089063563
0.7981103759966552
0.20599475619338148
0.6907511093768921
0.49030554011899574
0.8805178609768627
0.10837334735540272
0.596563265862464
0.735058813898974
0.7594721200737173
0.9671987937080906
0.020822905298988337
0.898502955582005
0.6754346265112563
0.8857442923709067
0.5779477198906118
0.0853850119450541
0.8906796435703415
0.8728894212645777
0.9896871774290374
0.23146690121386926
